 -4.4093723e-002 -1.3720649e-002  1.3647614e-001
  2.3744600e+000  2.2796114e+000  2.2539003e+000
 -1.1472222e+000  4.0965474e-001  1.6202606e+000
  7.4331925e-002  4.3498854e-003 -1.7658365e-001
  2.3746357e+000  2.2795405e+000  2.2536716e+000
 -1.1450800e+000  4.1049934e-001  1.6168904e+000
  2.3746760e+000  2.2795264e+000  2.2536138e+000
 -7.4484070e-002 -4.2606264e-003  1.7686051e-001
 -1.1449842e+000  4.1057909e-001  1.6169395e+000
  1.1472274e+000 -4.0965032e-001 -1.6202604e+000
  2.3744582e+000  2.2796120e+000  2.2539028e+000
  4.4058538e-002  1.3731698e-002 -1.3642914e-001
  2.3746679e+000  2.2795294e+000  2.2536251e+000
 -1.1450166e+000  4.1056111e-001  1.6169536e+000
  7.4284512e-002  4.3221240e-003 -1.7659687e-001
  1.1449958e+000 -4.1054332e-001 -1.6168447e+000
  2.3746563e+000  2.2795334e+000  2.2536419e+000
  7.4855680e-002  4.1462063e-003 -1.7735126e-001
  7.3504836e-002  4.0464594e-003 -1.7649044e-001
 -1.1432568e+000  4.1227273e-001  1.6187025e+000
  2.3755397e+000  2.2792195e+000  2.2523766e+000
 -4.4513013e-002 -1.3648713e-002  1.3692915e-001
  2.3744889e+000  2.2796004e+000  2.2538612e+000
 -1.1471462e+000  4.0972228e-001  1.6202831e+000
  1.1450084e+000 -4.1055552e-001 -1.6169155e+000
  2.3746642e+000  2.2795307e+000  2.2536305e+000
 -7.4488571e-002 -4.2590213e-003  1.7686684e-001
  2.3736461e+000  2.2798844e+000  2.2550795e+000
  7.6623937e-002  4.3090661e-003 -1.7842006e-001
 -1.1469516e+000  4.0858319e-001  1.6147122e+000
