  4.6273739e-002  8.3513143e-003  4.0638451e-003
  9.1881669e-002  8.4454966e-002  5.7262047e-002
  5.0677251e-002  6.0409887e-002  7.7575701e-002
  8.6436168e-002  8.9008794e-002  4.6471144e-003
  3.3114119e-002  3.7358815e-002  9.2832772e-002
  7.8777115e-004  8.9173142e-002  2.9451993e-002
  7.0336155e-002  5.9092450e-002  6.4444710e-002
  1.4041134e-002  2.1220879e-002  9.2627635e-002
  2.4516778e-002  5.8309442e-002  1.8816074e-002
  6.1928595e-002  8.0458495e-002  2.5975756e-002
  9.4003306e-003  2.5598261e-002  2.9118021e-002
  3.9528807e-002  8.9835512e-002  7.1926326e-002
  9.9788790e-002  8.4234811e-002  8.6789753e-002
  3.6768071e-002  5.9283730e-002  4.7701404e-002
  1.6399483e-002  5.9723489e-002  1.3552954e-002
  8.9209558e-002  2.5175089e-002  1.5400298e-002
  1.9324110e-002  1.7255434e-002  1.6109202e-002
  6.4239386e-002  7.4005936e-002  3.4097430e-002
  2.7891789e-003  8.3743630e-002  7.9337868e-002
  1.4570789e-002  6.6641338e-002  9.9465300e-002
  9.3110321e-002  8.4749592e-002  7.1077170e-002
  3.0039274e-002  3.5872423e-003  4.5969671e-003
  9.1706934e-002  2.7969293e-002  6.4371955e-002
  1.3442716e-002  1.0839746e-002  8.7744176e-002
  3.3987549e-002  9.5279197e-003  8.1549038e-002
  8.3820237e-002  8.0557480e-002  1.9678791e-002
  4.0676094e-002  3.1319352e-002  8.6647295e-002
  1.2375036e-003  2.5001066e-002  4.5346898e-002
  4.9243303e-002  9.3692991e-002  8.0863415e-002
  2.7318221e-003  2.9251349e-002  4.8699808e-002
